out/tests/example-2019-11-25-09:35:17.035589,PASSED
out/tests/example-2019-11-25-09:36:55.816965,PASSED
